43.01734104
27.40462428
27.39884393
57.6300578
48.01734104
57.20231214
54.20231214
43.41618497
25.80346821
24.20809249
52.60115607
55.41040462
53.01156069
49.60693642
46.02312139
23.20809249
25.40462428
52.20231214
54.20809249
51.80346821
48.41618497
43.8150289
27.40462428
28.80924855
54.01156069
57.60693642
56.20809249
53.8150289
46.20231214
27.40462428
30.80924855
34
63.80346821
67.21387283
63.8150289
51.41618497
35.61271676
39.00578035
79.62427746
84.20809249
87.00578035
81.20231214
74.61271676
44.80924855
50.61271676
91.02312139
88.8150289
83.8150289
83.02312139
76.21965318
44.39306358
47.00578035
88.20231214
88.21965318
85.02312139
79.40462428
69.21965318
44.60115607
50.20231214
88.02312139
90.20231214
78.60693642
82.00578035
69.41618497
44.41618497
47.42196532
84.41618497
81.00578035
82.8150289
76.20231214
70.40462428
42.82080925
48.00578035
79.41618497
85.41618497
81.01156069
78.60693642
68.21387283
45.01156069
49.00578035
90.40462428
86.80924855
86.80346821
78.61271676
68.01734104
44.00578035
48.8150289
85.61849711
85.80924855
84.41040462
83.20809249
68.01734104
51.00578035
52
91.80924855
89.01734104
87.41618497
81.39884393
73.01156069
47.20809249
53.21387283
91.41618497
75.01734104
87.20809249
85.21387283
74.41040462
46.00578035
52.80924855
87.8150289
87.61849711
89.42196532
81.21965318
73.80924855
44.61849711
51.60693642
89.21387283
68.21965318
56.41040462
36.80346821
50.60693642
45.80924855
52.61849711
92.41618497
91.20231214
91.01734104
82.61271676
74.20809249
41.00578035
29.20809249
79.8150289
66.6300578
69.8150289
68.61271676
63.41618497
37.80346821
22.02312139
78.20809249
84.8150289
76.00578035
74.41040462
60.80924855
38.80346821
35.00578035
64.41618497
