33.71248759
38.82482492
33.04580014
37.98162502
34.28607494
34.1121501
34.67757517
27.67902504
27.3611001
31.22127496
77.71267512
64.9683002
70.433325
74.83004985
68.97091878
71.10735001
75.43372523
78.92287506
89.6820002
79.60147493
40.5802249
41.42712493
37.22884999
35.78637496
43.43584975
41.20565016
36.79843759
39.6404187
42.57264985
32.26763745
81.88042504
81.18795005
80.46757516
84.642075
80.74342505
73.83412508
83.27557502
75.00359993
76.50727508
78.52022495
28.79915001
39.43188127
34.11282495
48.76954985
36.16969969
36.67947488
39.98014999
43.61172491
38.3912
32.74939998
47.55802498
46.445925
47.24752509
47.15631249
